0 0.0649767403 -0.449958074 1.3905123 0.0888391558 -0.644748976 0.751389675 0.108719453
1 0.0687543456 -0.448534206 1.38710568 0.0881818198 -0.644820157 0.751466147 0.108303106
2 0.0646672583 -0.448984382 1.39093863 0.0887933137 -0.644961809 0.75123923 0.108534012
3 0.0641401653 -0.44877626 1.39057982 0.0889613674 -0.645055643 0.751139246 0.108530761
4 0.0658001224 -0.449716988 1.38948248 0.0887503666 -0.644771554 0.751406919 0.108538733
5 0.0634296942 -0.44896474 1.39053622 0.0891893477 -0.644904756 0.751228655 0.10862147
6 0.0643731581 -0.449844607 1.38960132 0.0889396522 -0.64487679 0.751291193 0.1085597
7 0.0657681114 -0.447739703 1.39011191 0.0889832005 -0.645225907 0.751023223 0.108303454
8 0.0655254913 -0.44686353 1.38922845 0.0889103642 -0.645354266 0.750912065 0.108369229
9 0.0654847589 -0.447965829 1.3902867 0.088699724 -0.645127517 0.751077557 0.108744423
10 0.0665362628 -0.449931259 1.38746021 0.0886388153 -0.644846924 0.751383221 0.108346022
11 0.0646525312 -0.447864533 1.38954494 0.08915518 -0.645237664 0.750977869 0.108406417
12 0.0655339028 -0.448820022 1.38937332 0.0888664531 -0.644985298 0.751217796 0.108482907
13 0.0639310186 -0.449399294 1.3905596 0.0889740322 -0.644915786 0.75123176 0.108711053
14 0.0653868219 -0.449856867 1.38940317 0.0887903134 -0.644889833 0.751301979 0.108529808
15 0.0648981231 -0.45016681 1.38999827 0.0887833515 -0.644716258 0.751450408 0.108539147
16 0.0686226445 -0.452709872 1.38582847 0.0882287534 -0.644412957 0.751833113 0.108141565
17 0.0661271333 -0.451618739 1.3884144 0.0884746304 -0.644580368 0.751630609 0.108350438
18 0.0659855302 -0.449314044 1.38914206 0.0886127229 -0.6447596 0.751432812 0.108542954
19 0.0666221841 -0.448425689 1.38838568 0.088580746 -0.644911383 0.75133158 0.108367968
20 0.0671575171 -0.450106404 1.38648831 0.0885891194 -0.644819438 0.751444217 0.108126999
21 0.0673572109 -0.450613836 1.38644909 0.0884397997 -0.644592228 0.7516407 0.108238251
22 0.0678258125 -0.453048933 1.38740268 0.0883433277 -0.64453648 0.751723399 0.108074573
23 0.0659244189 -0.449993501 1.38917891 0.0886503605 -0.644772711 0.751435749 0.108413931
24 0.0665389951 -0.449260453 1.38844677 0.0886644123 -0.644855589 0.751361101 0.108426871
25 0.0647391379 -0.449113802 1.39050312 0.0889524511 -0.644860382 0.751311543 0.108505828
26 0.0665977742 -0.450437223 1.38769546 0.0887447193 -0.644796832 0.751435538 0.108194513
27 0.0673530222 -0.453714436 1.3866915 0.0884006235 -0.644211791 0.751962328 0.108301224
28 0.0666894726 -0.453712484 1.3870434 0.0886087754 -0.644303165 0.751873562 0.108203802
29 0.0666855728 -0.450029678 1.3880397 0.0883649697 -0.644531468 0.751667082 0.108477729
30 0.0653262375 -0.44815205 1.38963256 0.0887682544 -0.644979399 0.751220522 0.108579458
31 0.066231632 -0.450193771 1.38822237 0.0885451898 -0.644594184 0.751591864 0.108479291
32 0.065664508 -0.449807751 1.39085045 0.0884390189 -0.644603404 0.751554756 0.10876783
33 0.0666551414 -0.450414844 1.387661 0.0885967442 -0.644729399 0.751516439 0.10815572
34 0.0654119179 -0.448322416 1.38997904 0.0886986077 -0.644889778 0.75132779 0.108426396
35 0.0652467753 -0.446466998 1.3891647 0.0888954603 -0.645065425 0.751128509 0.108600908
36 0.0650926593 -0.447745477 1.38966817 0.0886609679 -0.644861617 0.751321995 0.108664568
37 0.0641089812 -0.447997366 1.38958966 0.089025041 -0.6449731 0.751197055 0.108568993
38 0.0657065144 -0.448900228 1.38860492 0.0887152121 -0.644799375 0.751393539 0.108494827
39 0.0637287336 -0.449179751 1.39046155 0.0887766665 -0.644749543 0.751407122 0.108646527
40 0.0656938101 -0.44899859 1.38965671 0.0889546925 -0.644871174 0.751337525 0.108259666
41 0.0647689613 -0.449631726 1.3895823 0.0887054889 -0.644704001 0.751461691 0.108597487
42 0.0654872399 -0.449162683 1.3894458 0.0885777811 -0.644768945 0.751436214 0.1084924
43 0.0673119478 -0.450704237 1.38739051 0.0884793365 -0.644644891 0.751589966 0.108244603
44 0.0652322775 -0.449367507 1.38864557 0.0888724683 -0.644808996 0.751386464 0.108357856
45 0.0666300091 -0.44903655 1.38856359 0.0886122625 -0.644786789 0.751438269 0.10834386
46 0.0656217405 -0.449479256 1.3899448 0.0886283194 -0.644737955 0.751454412 0.108509251
47 0.0661123392 -0.448554571 1.39060718 0.0884415635 -0.644898392 0.751333685 0.10854422
48 0.0648867966 -0.44941342 1.38954084 0.0887763144 -0.644744315 0.751421897 0.108575627
49 0.06414974 -0.450297534 1.39099906 0.0886882939 -0.644674551 0.751477879 0.10867432
50 0.0656688455 -0.45031864 1.38859139 0.0886123927 -0.644637955 0.751545535 0.108485295
51 0.0682422083 -0.451710566 1.3868207 0.0881935107 -0.644436371 0.751812984 0.108170725
52 0.0658228878 -0.449176281 1.38978882 0.0884916203 -0.644821655 0.751386081 0.108596607
53 0.0670490668 -0.44862561 1.3879511 0.088343573 -0.64491699 0.751333503 0.108514772
54 0.0660954125 -0.449564399 1.38836183 0.0884559216 -0.644686405 0.751520474 0.108498695
55 0.0664673444 -0.449609107 1.38876319 0.0884626518 -0.64465344 0.751568265 0.108357949
56 0.0649977336 -0.448738088 1.39031861 0.0886242388 -0.644864331 0.751319464 0.108695918
57 0.0652550106 -0.448558151 1.3892966 0.0887538979 -0.644855672 0.751322802 0.108618395
58 0.0657977469 -0.448025813 1.38947537 0.0887352237 -0.64502686 0.751214326 0.108367182
59 0.0671416985 -0.449067171 1.38891028 0.0884424831 -0.644777044 0.751469189 0.108326121
60 0.0658803884 -0.447830097 1.38862243 0.0889181808 -0.644979573 0.75124916 0.108257138
61 0.0643778431 -0.449199144 1.39038582 0.0890451413 -0.64483873 0.751306874 0.10859077
62 0.0651316658 -0.448358721 1.38955964 0.088918046 -0.644968712 0.751227703 0.10847064
63 0.0655248032 -0.450159719 1.38850984 0.0885982895 -0.644580978 0.751588983 0.108534357
64 0.0652827601 -0.449317179 1.38932761 0.0887569592 -0.644745082 0.751421791 0.10858763
65 0.0662937416 -0.448337726 1.38808551 0.0885841917 -0.644826872 0.751390803 0.1084574
66 0.0650807886 -0.447701623 1.3885174 0.0887506682 -0.644961753 0.751226507 0.108657218
67 0.0659980992 -0.449838978 1.38818679 0.0886331452 -0.644627529 0.751546173 0.10852587
68 0.0652034347 -0.447796068 1.38891253 0.0888331112 -0.644999202 0.751215017 0.108446785
69 0.0642879283 -0.4499468 1.39021176 0.0888672217 -0.644700803 0.751449084 0.108571478
70 0.0648189519 -0.449486231 1.38995145 0.0888468385 -0.64470035 0.751448558 0.108594484
71 0.0632568163 -0.44926686 1.3912024 0.0890706963 -0.644795116 0.75131952 0.108741199
72 0.0650661666 -0.449171635 1.38970281 0.0888349778 -0.644701105 0.751446412 0.108614551
73 0.0646841602 -0.449317125 1.38996847 0.0887991781 -0.644720756 0.75142686 0.108662443
74 0.0655872213 -0.451220216 1.38817326 0.0888299486 -0.644628515 0.751551289 0.108323492
75 0.0640730915 -0.449261754 1.39001998 0.0889556374 -0.644846933 0.751314676 0.108561436
76 0.0654206068 -0.448030296 1.38840792 0.0887875924 -0.64490749 0.751284342 0.108549211
77 0.0656214943 -0.449999408 1.38871018 0.0886451123 -0.644570755 0.751574361 0.108658021
78 0.064274931 -0.450233345 1.38933348 0.0889248255 -0.644598852 0.751521225 0.108630303
79 0.0637221551 -0.449526554 1.39036907 0.089066223 -0.64476405 0.751342322 0.108771514
80 0.0636428118 -0.449542817 1.39064867 0.0889311811 -0.644726909 0.751366745 0.108933335
81 0.0635368292 -0.448922541 1.39063199 0.0890748946 -0.644733976 0.751360373 0.108817982
82 0.0634412905 -0.449079318 1.39001147 0.0891312153 -0.644829033 0.751293184 0.108672424
83 0.0655121737 -0.450943134 1.38819966 0.0887105619 -0.644542975 0.751607274 0.108541679
84 0.0658228655 -0.450131273 1.38754941 0.0886956487 -0.644737606 0.751466786 0.108370527
85 0.0665568269 -0.449873197 1.38828909 0.0886741936 -0.644778425 0.751432093 0.108385791
86 0.0654428428 -0.453259118 1.38822567 0.0888606092 -0.644340585 0.751789274 0.108360002
87 0.066507418 -0.450295106 1.38837261 0.0886784926 -0.644765204 0.7514606 0.10826321
88 0.0638891293 -0.448628822 1.39053663 0.0890714278 -0.644929415 0.751214064 0.108672727
89 0.0640582207 -0.448660069 1.39017251 0.0891580344 -0.644904923 0.751249168 0.108504251
90 0.0635464312 -0.448362158 1.39070335 0.089110212 -0.644902695 0.751224902 0.108724561
91 0.0660142396 -0.450481403 1.38807177 0.0886903771 -0.644557087 0.751611755 0.108443297
92 0.0647627699 -0.448842775 1.38925484 0.0889343402 -0.64489164 0.751286629 0.108507407
93 0.0651130788 -0.450973162 1.38816747 0.0887336326 -0.644547561 0.751606339 0.108502047
94 0.0642190854 -0.450334744 1.3894309 0.0890112378 -0.644758079 0.751396307 0.108478611
95 0.0638150318 -0.448648798 1.38984905 0.0891254369 -0.644933081 0.751222765 0.108546468
96 0.0641046552 -0.448794681 1.38967599 0.0890023618 -0.644895448 0.751261251 0.108604665
97 0.0653983639 -0.450946632 1.38870852 0.0887488298 -0.644528486 0.751616995 0.108529115
98 0.0637614714 -0.448002625 1.39060713 0.0891194682 -0.644975048 0.751176385 0.108622953
99 0.0654418818 -0.449825545 1.38854613 0.0887908945 -0.644680194 0.75149634 0.108429123
100 0.066602586 -0.448334766 1.38858786 0.0885808915 -0.644854004 0.751370149 0.108441863
101 0.0654350133 -0.449074651 1.38959524 0.0889418678 -0.644860417 0.751317054 0.10847613
102 0.0643736033 -0.449617125 1.3896698 0.0889555121 -0.64468473 0.751432488 0.108709388
103 0.0647270159 -0.449791693 1.38963678 0.0888551616 -0.644744077 0.751409219 0.108600282
104 0.0658914853 -0.450143043 1.38799246 0.0887887831 -0.644706901 0.751482981 0.10836463
105 0.0636698387 -0.449951606 1.38953739 0.0890714452 -0.644783205 0.751364412 0.108500769
106 0.0649971589 -0.450095734 1.38947199 0.0890213729 -0.644841292 0.751347778 0.108311683
107 0.0640247647 -0.449081815 1.39097089 0.0889474129 -0.64480535 0.751334187 0.108680071
